{
  "num_locations": 6,
  "T_max": 500,
  "weather_prob": 0.4,
  "P_penalty": 10000,
  "T_flight_good": [
    [0, 30, 13, 10, 18, 17, 17],
    [30, 0, 14, 13, 27, 12, 28],
    [13, 14, 0, 23, 11, 10, 12],
    [10, 13, 23, 0, 16, 17, 26],
    [18, 27, 11, 16, 0, 29, 10],
    [17, 12, 10, 17, 29, 0, 27],
    [17, 28, 12, 26, 10, 27, 0]
  ],
  "T_flight_bad": [
    [0, 36, 23, 20, 28, 26, 25],
    [36, 0, 20, 21, 36, 19, 33],
    [23, 20, 0, 29, 21, 18, 19],
    [20, 21, 29, 0, 23, 23, 32],
    [28, 36, 21, 23, 0, 36, 15],
    [26, 19, 18, 23, 36, 0, 32],
    [25, 33, 19, 32, 15, 32, 0]
  ],
  "T_data_lower": [0, 22, 13, 21, 21, 29, 18],
  "T_data_upper": [0, 27, 23, 29, 30, 34, 26],
  "criticality": ["HC", "HC", "LC", "LC", "HC", "HC", "HC"]
}