{
  "num_locations": 5,
  "T_max": 2500,
  "weather_prob": 0.5,
  "extreme_weather_prob": 0.15,
  "P_penalty": 4000,
  "T_flight_good": [
    [0.0, 51.97, 21.25, 33.75, 31.16, 56.82],
    [51.97, 0.0, 53.83, 64.61, 24.35, 41.1],
    [21.25, 53.83, 0.0, 21.49, 30.93, 45.27],
    [33.75, 64.61, 21.49, 0.0, 21.33, 29.94],
    [31.16, 24.35, 30.93, 21.33, 0.0, 52.49],
    [56.82, 41.1, 45.27, 29.94, 52.49, 0.0]
  ],
  "bad_weather_delay_factor": [1.1, 1.5],
  "extreme_weather_delay_factor": [1.8, 2.5],
  "T_data_lower": [0, 27, 23, 17, 24, 28],
  "T_data_upper": [0, 34, 28, 23, 34, 36],
  "criticality": ["HC", "LC", "LC", "HC", "HC", "LC"]
}