{
  "num_locations": 20,
  "T_max": 8500,
  "weather_prob": 0.4,
  "extreme_weather_prob": 0.25,
  "P_penalty": 32000,
  "T_flight_good": [
    [0.0, 51.97, 21.25, 33.75, 31.16, 56.82, 53.83, 64.61, 24.35, 41.1, 21.49, 30.93, 45.27, 21.33, 29.94, 52.49, 47.25, 31.02, 49.46, 60.47, 20.32],
    [51.97, 0.0, 60.29, 54.91, 37.01, 27.77, 67.86, 36.83, 24.64, 24.84, 62.37, 50.19, 60.36, 56.49, 46.81, 68.66, 38.93, 47.6, 61.47, 50.93, 63.09],
    [21.25, 60.29, 0.0, 48.87, 55.23, 22.29, 31.39, 34.47, 23.99, 31.64, 25.05, 33.9, 51.78, 38.24, 38.51, 30.48, 33.35, 66.83, 52.4, 50.46, 28.56],
    [33.75, 54.91, 48.87, 0.0, 56.46, 28.17, 38.97, 69.48, 52.0, 47.85, 54.23, 62.14, 58.8, 31.45, 21.61, 35.77, 33.39, 30.55, 67.15, 63.82, 35.73],
    [31.16, 37.01, 55.23, 56.46, 0.0, 52.77, 39.78, 65.73, 42.94, 33.24, 32.33, 48.07, 33.14, 49.23, 64.89, 39.97, 30.97, 69.88, 45.48, 24.55, 22.36],
    [56.82, 27.77, 22.29, 28.17, 52.77, 0.0, 25.48, 51.37, 59.6, 41.11, 23.18, 39.08, 69.81, 46.46, 68.55, 63.04, 20.57, 56.04, 54.09, 46.85, 33.34],
    [53.83, 67.86, 31.39, 38.97, 39.78, 25.48, 0.0, 52.05, 25.58, 41.74, 42.69, 67.69, 63.79, 33.17, 45.03, 28.93, 65.63, 63.53, 34.92, 51.95, 50.45],
    [64.61, 36.83, 34.47, 69.48, 65.73, 51.37, 52.05, 0.0, 27.64, 58.13, 46.97, 58.93, 46.52, 20.03, 36.21, 20.97, 66.45, 63.94, 61.58, 35.38, 22.9],
    [24.35, 24.64, 23.99, 52.0, 42.94, 59.6, 25.58, 27.64, 0.0, 63.9, 67.35, 24.28, 44.3, 23.46, 58.03, 58.29, 26.42, 43.76, 47.49, 33.25, 63.62],
    [41.1, 24.84, 31.64, 47.85, 33.24, 41.11, 41.74, 58.13, 63.9, 0.0, 41.16, 30.59, 46.96, 56.5, 30.06, 35.59, 69.76, 52.49, 41.91, 45.88, 26.05],
    [21.49, 62.37, 25.05, 54.23, 32.33, 23.18, 42.69, 46.97, 67.35, 41.16, 0.0, 31.23, 36.9, 49.42, 31.51, 31.01, 23.55, 51.56, 31.45, 65.27, 62.98],
    [30.93, 50.19, 33.9, 62.14, 48.07, 39.08, 67.69, 58.93, 24.28, 30.59, 31.23, 0.0, 23.54, 31.9, 53.45, 30.71, 26.62, 66.78, 48.55, 43.63, 59.23],
    [45.27, 60.36, 51.78, 58.8, 33.14, 69.81, 63.79, 46.52, 44.3, 46.96, 36.9, 23.54, 0.0, 60.37, 29.52, 24.85, 41.55, 41.18, 43.35, 56.45, 53.67],
    [21.33, 56.49, 38.24, 31.45, 49.23, 46.46, 33.17, 20.03, 23.46, 56.5, 49.42, 31.9, 60.37, 0.0, 69.21, 24.92, 40.13, 36.97, 63.08, 32.43, 29.51],
    [29.94, 46.81, 38.51, 21.61, 64.89, 68.55, 45.03, 36.21, 58.03, 30.06, 31.51, 53.45, 29.52, 69.21, 0.0, 42.43, 41.09, 33.93, 32.49, 66.16, 42.16],
    [52.49, 68.66, 30.48, 35.77, 39.97, 63.04, 28.93, 20.97, 58.29, 35.59, 31.01, 30.71, 24.85, 24.92, 42.43, 0.0, 63.07, 47.52, 22.53, 69.96, 61.8],
    [47.25, 38.93, 33.35, 33.39, 30.97, 20.57, 65.63, 66.45, 26.42, 69.76, 23.55, 26.62, 41.55, 40.13, 41.09, 63.07, 0.0, 68.45, 66.32, 62.43, 28.32],
    [31.02, 47.6, 66.83, 30.55, 69.88, 56.04, 63.53, 63.94, 43.76, 52.49, 51.56, 66.78, 41.18, 36.97, 33.93, 47.52, 68.45, 0.0, 44.28, 30.69, 40.05],
    [49.46, 61.47, 52.4, 67.15, 45.48, 54.09, 34.92, 61.58, 47.49, 41.91, 31.45, 48.55, 43.35, 63.08, 32.49, 22.53, 66.32, 44.28, 0.0, 22.93, 38.95],
    [60.47, 50.93, 50.46, 63.82, 24.55, 46.85, 51.95, 35.38, 33.25, 45.88, 65.27, 43.63, 56.45, 32.43, 66.16, 69.96, 62.43, 30.69, 22.93, 0.0, 69.27],
    [20.32, 63.09, 28.56, 35.73, 22.36, 33.34, 50.45, 22.9, 63.62, 26.05, 62.98, 59.23, 53.67, 29.51, 42.16, 61.8, 28.32, 40.05, 38.95, 69.27, 0.0]
  ],
  "bad_weather_delay_factor": [1.1, 1.5],
  "extreme_weather_delay_factor": [1.8, 2.5],
  "T_data_lower": [0, 18, 24, 19, 23, 27, 25, 14, 16, 19, 16, 11, 28, 27, 11, 20, 11, 11, 28, 25, 26],
  "T_data_upper": [0, 27, 30, 24, 32, 32, 31, 19, 25, 24, 26, 17, 36, 32, 20, 26, 20, 20, 33, 34, 31],
  "criticality": ["HC", "LC", "LC", "LC", "HC", "LC", "HC", "LC", "LC", "HC", "LC", "LC", "LC", "HC", "HC", "LC", "HC", "HC", "HC", "LC", "HC"]
}