{
  "num_locations": 10,
  "T_max": 4000,
  "weather_prob": 0.6,
  "extreme_weather_prob": 0.1,
  "P_penalty": 12000,
  "T_flight_good": [
    [0.0, 48.3, 35.7, 42.1, 38.9, 51.2, 44.6, 39.8, 46.3, 33.4, 28.9],
    [48.3, 0.0, 41.2, 36.8, 44.5, 38.7, 42.9, 35.6, 41.8, 39.2, 31.7],
    [35.7, 41.2, 0.0, 47.3, 33.8, 45.1, 38.4, 42.7, 36.9, 44.2, 29.8],
    [42.1, 36.8, 47.3, 0.0, 41.6, 39.3, 45.8, 38.1, 43.5, 37.9, 32.6],
    [38.9, 44.5, 33.8, 41.6, 0.0, 46.7, 40.2, 44.9, 38.7, 42.4, 30.3],
    [51.2, 38.7, 45.1, 39.3, 46.7, 0.0, 43.1, 37.8, 45.6, 40.8, 34.2],
    [44.6, 42.9, 38.4, 45.8, 40.2, 43.1, 0.0, 41.3, 39.5, 43.7, 31.9],
    [39.8, 35.6, 42.7, 38.1, 44.9, 37.8, 41.3, 0.0, 42.1, 38.6, 33.1],
    [46.3, 41.8, 36.9, 43.5, 38.7, 45.6, 39.5, 42.1, 0.0, 41.4, 32.8],
    [33.4, 39.2, 44.2, 37.9, 42.4, 40.8, 43.7, 38.6, 41.4, 0.0, 35.6],
    [28.9, 31.7, 29.8, 32.6, 30.3, 34.2, 31.9, 33.1, 32.8, 35.6, 0.0]
  ],
  "bad_weather_delay_factor": [1.1, 1.5],
  "extreme_weather_delay_factor": [2.8, 3.5],
  "T_data_lower": [0, 28, 24, 26, 23, 25, 22, 27, 24, 26, 20],
  "T_data_upper": [0, 35, 31, 33, 30, 32, 29, 34, 31, 33, 27],
  "criticality": ["HC", "LC", "HC", "LC", "LC", "HC", "LC", "HC", "LC", "HC", "LC"]
}