{
  "num_locations": 5,
  "T_max": 1500,
  "weather_prob": 0.6,
  "extreme_weather_prob": 0.1,
  "P_penalty": 8000,
  "T_flight_good": [
    [0.0, 45.2, 32.1, 28.7, 41.3, 22.8],
    [45.2, 0.0, 38.9, 25.4, 36.7, 29.1],
    [32.1, 38.9, 0.0, 42.6, 31.2, 35.4],
    [28.7, 25.4, 42.6, 0.0, 39.8, 26.9],
    [41.3, 36.7, 31.2, 39.8, 0.0, 33.5],
    [22.8, 29.1, 35.4, 26.9, 33.5, 0.0]
  ],
  "bad_weather_delay_factor": [1.1, 1.5],
  "extreme_weather_delay_factor": [2.8, 3.5],
  "T_data_lower": [0, 25, 20, 18, 22, 15],
  "T_data_upper": [0, 32, 28, 25, 29, 22],
  "criticality": ["HC", "LC", "HC", "LC", "HC", "LC"]
}

