{
  "num_locations": 15,
  "T_max": 6500,
  "weather_prob": 0.5,
  "extreme_weather_prob": 0.15,
  "P_penalty": 21000,
  "T_flight_good": [
    [0.0, 51.97, 21.25, 33.75, 31.16, 56.82, 53.83, 64.61, 24.35, 41.1, 21.49, 30.93, 45.27, 21.33, 29.94, 52.49],
    [51.97, 0.0, 47.25, 31.02, 49.46, 60.47, 20.32, 60.29, 54.91, 37.01, 27.77, 67.86, 36.83, 24.64, 24.84, 62.37],
    [21.25, 47.25, 0.0, 50.19, 60.36, 56.49, 46.81, 68.66, 38.93, 47.6, 61.47, 50.93, 63.09, 48.87, 55.23, 22.29],
    [33.75, 31.02, 50.19, 0.0, 31.39, 34.47, 23.99, 31.64, 25.05, 33.9, 51.78, 38.24, 38.51, 30.48, 33.35, 66.83],
    [31.16, 49.46, 60.36, 31.39, 0.0, 52.4, 50.46, 28.56, 56.46, 28.17, 38.97, 69.48, 52.0, 47.85, 54.23, 62.14],
    [56.82, 60.47, 56.49, 34.47, 52.4, 0.0, 58.8, 31.45, 21.61, 35.77, 33.39, 30.55, 67.15, 63.82, 35.73, 52.77],
    [53.83, 20.32, 46.81, 23.99, 50.46, 58.8, 0.0, 39.78, 65.73, 42.94, 33.24, 32.33, 48.07, 33.14, 49.23, 64.89],
    [64.61, 60.29, 68.66, 31.64, 28.56, 31.45, 39.78, 0.0, 39.97, 30.97, 69.88, 45.48, 24.55, 22.36, 25.48, 51.37],
    [24.35, 54.91, 38.93, 25.05, 56.46, 21.61, 65.73, 39.97, 0.0, 59.6, 41.11, 23.18, 39.08, 69.81, 46.46, 68.55],
    [41.1, 37.01, 47.6, 33.9, 28.17, 35.77, 42.94, 30.97, 59.6, 0.0, 63.04, 20.57, 56.04, 54.09, 46.85, 33.34],
    [21.49, 27.77, 61.47, 51.78, 38.97, 33.39, 33.24, 69.88, 41.11, 63.04, 0.0, 52.05, 25.58, 41.74, 42.69, 67.69],
    [30.93, 67.86, 50.93, 38.24, 69.48, 30.55, 32.33, 45.48, 23.18, 20.57, 52.05, 0.0, 63.79, 33.17, 45.03, 28.93],
    [45.27, 36.83, 63.09, 38.51, 52.0, 67.15, 48.07, 24.55, 39.08, 56.04, 25.58, 63.79, 0.0, 65.63, 63.53, 34.92],
    [21.33, 24.64, 48.87, 30.48, 47.85, 63.82, 33.14, 22.36, 69.81, 54.09, 41.74, 33.17, 65.63, 0.0, 51.95, 50.45],
    [29.94, 24.84, 55.23, 33.35, 54.23, 35.73, 49.23, 25.48, 46.46, 46.85, 42.69, 45.03, 63.53, 51.95, 0.0, 27.64],
    [52.49, 62.37, 22.29, 66.83, 62.14, 52.77, 64.89, 51.37, 68.55, 33.34, 67.69, 28.93, 34.92, 50.45, 27.64, 0.0]
  ],
  "bad_weather_delay_factor": [1.1, 1.5],
  "extreme_weather_delay_factor": [1.8, 2.5],
  "T_data_lower": [0, 15, 27, 26, 10, 29, 20, 25, 10, 13, 21, 19, 17, 11, 17, 28],
  "T_data_upper": [0, 20, 32, 36, 18, 34, 29, 31, 16, 23, 29, 28, 23, 18, 26, 37],
  "criticality": ["HC", "LC", "HC", "HC", "LC", "LC", "LC", "LC", "LC", "HC", "HC", "HC", "HC", "LC", "HC", "HC"]
}