{
    "num_locations": 5,
    "T_max": 3000,
    "weather_prob": 0.9,
    "P_penalty": 10000,
    "T_flight_good": [
        [
            0,
            125.37,
            166.56,
            179.07,
            154.47,
            323.33
        ],
        [
            125.37,
            0,
            129.29,
            283.36,
            277.1,
            431.97
        ],
        [
            166.56,
            129.29,
            0,
            345.06,
            268.83,
            375.7
        ],
        [
            179.07,
            283.36,
            345.06,
            0,
            167.51,
            337.57
        ],
        [
            154.47,
            277.1,
            268.83,
            167.51,
            0,
            184.22
        ],
        [
            323.33,
            431.97,
            375.7,
            337.57,
            184.22,
            0
        ]
    ],
    "T_flight_bad": [
        [
            0,
            141.37,
            189.56,
            215.07,
            166.47,
            347.33
        ],
        [
            162.37,
            0,
            155.29,
            333.36,
            311.1,
            450.97
        ],
        [
            207.56,
            173.29,
            0,
            360.06,
            285.83,
            418.7
        ],
        [
            205.07,
            299.36,
            395.06,
            0,
            196.51,
            370.57
        ],
        [
            170.47,
            304.1,
            309.83,
            189.51,
            0,
            233.22
        ],
        [
            359.33,
            444.97,
            417.7,
            381.57,
            232.22,
            0
        ]
    ],
    "T_data_lower": [
        0,
        180,
        240,
        450,
        330,
        200
    ],
    "T_data_upper": [
        0,
        340,
        450,
        550,
        430,
        250
    ],
    "criticality": [
        "HC",
        "HC",
        "LC",
        "HC",
        "LC",
        "LC"
    ]
}