{
    "num_locations": 8,
    "T_max": 3000,
    "weather_prob": 0.6,
    "P_penalty": 10000,
    "T_flight_good": [
        [
            0,
            27.69,
            68.14,
            29.51,
            29.01,
            19.77,
            25.38,
            24.51,
            33.98
        ],
        [
            27.69,
            0,
            51.92,
            57.06,
            31.88,
            14.45,
            50.34,
            40.02,
            22.04
        ],
        [
            68.14,
            51.92,
            0,
            89.41,
            83.6,
            65.49,
            93.38,
            58.06,
            34.31
        ],
        [
            29.51,
            57.06,
            89.41,
            0,
            50.57,
            48.41,
            21.3,
            32.07,
            57.97
        ],
        [
            29.01,
            31.88,
            83.6,
            50.57,
            0,
            18.27,
            33.11,
            53.24,
            51.25
        ],
        [
            19.77,
            14.45,
            65.49,
            48.41,
            18.27,
            0,
            37.8,
            40.16,
            33.03
        ],
        [
            25.38,
            50.34,
            93.38,
            21.3,
            33.11,
            37.8,
            0,
            42.55,
            59.33
        ],
        [
            24.51,
            40.02,
            58.06,
            32.07,
            53.24,
            40.16,
            42.55,
            0,
            30.21
        ],
        [
            33.98,
            22.04,
            34.31,
            57.97,
            51.25,
            33.03,
            59.33,
            30.21,
            0
        ]
    ],
    "T_flight_bad": [
        [
            0,
            43.69,
            78.14,
            38.51,
            38.01,
            37.77,
            33.38,
            43.51,
            40.98
        ],
        [
            46.69,
            0,
            71.92,
            63.06,
            38.88,
            34.45,
            70.34,
            49.02,
            39.04
        ],
        [
            85.14,
            59.92,
            0,
            99.41,
            93.6,
            78.49,
            102.38,
            71.06,
            47.31
        ],
        [
            45.51,
            63.06,
            104.41,
            0,
            57.57,
            59.41,
            27.3,
            40.07,
            68.97
        ],
        [
            39.01,
            37.88,
            95.6,
            68.57,
            0,
            27.27,
            49.11,
            58.24,
            60.25
        ],
        [
            39.77,
            21.45,
            80.49,
            58.41,
            37.27,
            0,
            57.8,
            52.16,
            51.03
        ],
        [
            36.38,
            62.34,
            106.38,
            30.3,
            43.11,
            49.8,
            0,
            62.55,
            73.33
        ],
        [
            30.51,
            56.02,
            72.06,
            48.07,
            64.24,
            56.16,
            54.55,
            0,
            49.21
        ],
        [
            47.98,
            34.04,
            44.31,
            76.97,
            56.25,
            40.03,
            64.33,
            46.21,
            0
        ]
    ],
    "T_data_lower": [
        0,
        21,
        15,
        21,
        21,
        16,
        18,
        30,
        12
    ],
    "T_data_upper": [
        0,
        30,
        25,
        27,
        30,
        26,
        24,
        36,
        20
    ],
    "criticality": [
        "HC",
        "LC",
        "LC",
        "HC",
        "LC",
        "HC",
        "HC",
        "HC",
        "LC"
    ]
}