{
  "num_locations": 7,
  "T_max": 600,
  "weather_prob": 0.4,
  "P_penalty": 10000,
  "T_flight_good": [
    [0, 30, 13, 10, 18, 17, 17, 14],
    [30, 0, 13, 27, 12, 28, 23, 11],
    [13, 13, 0, 10, 12, 16, 17, 26],
    [10, 27, 10, 0, 29, 10, 27, 16],
    [18, 12, 12, 29, 0, 30, 27, 23],
    [17, 28, 16, 10, 30, 0, 17, 24],
    [17, 23, 17, 27, 27, 17, 0, 28],
    [14, 11, 26, 16, 23, 24, 28, 0]
  ],
  "T_flight_bad": [
    [0, 37, 18, 16, 28, 25, 24, 21],
    [37, 0, 19, 33, 19, 33, 28, 19],
    [18, 19, 0, 15, 19, 23, 26, 33],
    [16, 33, 15, 0, 34, 20, 35, 25],
    [28, 19, 19, 34, 0, 35, 35, 28],
    [25, 33, 23, 20, 35, 0, 26, 31],
    [24, 28, 26, 35, 35, 26, 0, 38],
    [21, 19, 33, 25, 28, 31, 38, 0]
  ],
  "T_data_lower": [0, 29, 21, 28, 16, 12, 11, 17],
  "T_data_upper": [0, 36, 26, 34, 21, 20, 18, 25],
  "criticality": ["HC", "LC", "HC", "LC", "LC", "HC", "LC", "HC"]
}