{
  "num_locations": 8,
  "T_max": 3700,
  "weather_prob": 0.5,
  "extreme_weather_prob": 0.15,
  "P_penalty": 8000,
  "T_flight_good": [
    [0.0, 51.97, 21.25, 33.75, 31.16, 56.82, 53.83, 64.61, 24.35],
    [51.97, 0.0, 41.1, 21.49, 30.93, 45.27, 21.33, 29.94, 52.49],
    [21.25, 41.1, 0.0, 47.25, 31.02, 49.46, 60.47, 20.32, 60.29],
    [33.75, 21.49, 47.25, 0.0, 54.91, 37.01, 27.77, 67.86, 36.83],
    [31.16, 30.93, 31.02, 54.91, 0.0, 24.64, 24.84, 62.37, 50.19],
    [56.82, 45.27, 49.46, 37.01, 24.64, 0.0, 60.36, 56.49, 46.81],
    [53.83, 21.33, 60.47, 27.77, 24.84, 60.36, 0.0, 68.66, 38.93],
    [64.61, 29.94, 20.32, 67.86, 62.37, 56.49, 68.66, 0.0, 47.6],
    [24.35, 52.49, 60.29, 36.83, 50.19, 46.81, 38.93, 47.6, 0.0]
  ],
  "bad_weather_delay_factor": [1.1, 1.5],
  "extreme_weather_delay_factor": [1.8, 2.5],
  "T_data_lower": [0, 30, 29, 21, 28, 16, 12, 11, 17],
  "T_data_upper": [0, 37, 34, 27, 33, 24, 19, 19, 27],
  "criticality": ["HC", "LC", "HC", "LC", "LC", "HC", "LC", "HC", "HC"]
}